[app/install/install_source_checksum]
version = 7.2.0
modtime = 1540480079.982948000

[dataintegritysetup/dataintegrity]
version = 7.2.0
modtime = 1548800771.869773000

[app/install]
version = 7.2.0
modtime = 1548800771.914605000
